0	0	0.01	0.01	0.862572	0.898202

0	0	0.01	0.005	0.905327	0.922973

0	0	0.01	0.001	0.898202	0.919919

0	0	0.007	0.01	0.887004	0.903291

0	0	0.007	0.01	0.871055	0.900577

0	0	0.007	0.005	0.901595	0.91415

0	0	0.007	0.001	0.911435	0.934849

0	0	0.001	0.01	0.857143	0.901255

0	0	0.001	0.005	0.909739	0.915507

0	0	0.001	0.001	0.891076	0.908721

0	0	0.0007	0.01	0.904649	0.911775

0	0	0.0007	0.005	0.911775	0.92942

0	0	0.0007	0.001	0.89888		0.91924

0	1	0.01	0.01	0.88395		0.892433

0	1	0.01	0.005	0.873431	0.913471

0	1	0.01	0.001	0.911775	0.92399

0	1	0.007	0.01	0.874788	0.89379

0	1	0.007	0.005	0.872752	0.912793

0	1	0.007	0.001	0.903291	0.92908

0	1	0.001	0.01	0.875127	0.908721

0	1	0.001	0.005	0.906685	0.928062

0	1	0.001	0.001	0.872413	0.926026

0	1	0.0007	0.01	0.848999	0.911096

0	1	0.0007	0.005	0.901934	0.925348

0	1	0.0007	0.001	0.921276	0.936206

0	2	0.01	0.01	0.8585		0.888022

0	2	0.01	0.005	0.859179	0.898541

0	2	0.01	0.001	0.906345	0.932813

0	2	0.007	0.01	0.870716	0.899898

0	2	0.007	0.005	0.887004	0.920258

