0	0	0.01	0.01	0.858839	0.87852

0	0	0.01	0.005	0.904988	0.920936

0	0	0.01	0.001	0.909739	0.935867

0	0	0.007	0.01	0.875806	0.903291

0	0	0.007	0.005	0.876824	0.922633

0	0	0.007	0.001	0.908721	0.92433

0	0	0.001	0.01	0.840855	0.875466

0	0	0.001	0.005	0.858161	0.874788

0	0	0.001	0.001	0.875466	0.895148

0	0	0.0007	0.01	0.872752	0.884628

0	0	0.0007	0.005	0.834408	0.854089

0	0	0.0007	0.001	0.89888		0.907363

0	1	0.01	0.01	0.862911	0.896505

0	1	0.01	0.005	0.899559	0.919918

0	1	0.01	0.001	0.897862	0.922972

0	1	0.007	0.01	0.858161	0.885646

0	1	0.007	0.005	0.8887		0.927384

